onion2

    99    66   146   186    73   254    51   110   218   218   119   154    52     5    74    51  sum =  1876
    92    46   193    44   139   186   237    75   146   220   192    94   254   152   247   106  sum =  2423
   191   253   194    56   155   219   157   226   207    32   192     9   172   220    25    69  sum =  2377
   171     9    90    82    96   154    92    33   154   253    95    59    62   223    16   252  sum =  1841
   178    89    80   102   109   254   141   140    67    60   209    12    11    76   114   239  sum =  1881
   223   225    44    98   112   213   207   222    41    31   156   240   215    60   177    33  sum =  2297
    17    64    19   110    64    87    56    12   150    61   112   199   105    72   217   207  sum =  1552
   103   117   150    12   249   143   186   250    67    92    68     1    92    89    89   131  sum =  1839
   122    15   141   159    70   224   148   242   124    87   151   183   248   171    73   191  sum =  2349
    40   250   103    77    42   210   247    38   225   151   131   153    86   146    29   171  sum =  2099
    41   114    76   212   142    26   129   252   155   171    53   101   247    81    62    62  sum =  1924
    54   140   208    50   123    71   207    89    90   254   187   120   214   181   188   169  sum =  2345
    43   160    33   205   103    52   244    54    42    11    52    31    53   145    87    23  sum =  1338
    59    83   212   158   165   223   245   136   157    44   157   230   176   215   232   198  sum =  2690
    21    40   108   229   150   191   168    63    80   182   238   171   209    83   170   245  sum =  2348
    12   215    95    57   146   155   161    31   176   248   232   214    17    68    40    70  sum =  1937

onion3

   135   222    91   127   162   106   184    93    34    86   196    83   231   245   188    58  sum =  2241
   199   242    94   231    67    41   120    23   254   189   119    65   237   237   240   124  sum =  2482
   160   199   232   177   120   142   164    19    20    65   168   247    28    99   148    61  sum =  2049
   139    86   174   166   164    81    89   226   245   159   154    25    74   242    62   170  sum =  2256
   191   157   224   243    18    60     4    28   136    45    91   126     3   225   122   196  sum =  1869
   155   230   124   239    41   251   199   120   110    59   218    50    26    23   100   152  sum =  2097
   131    95    97   152   239    34   232    28    48   212    66   129   205    33   127   122  sum =  1950
    70   245   140   132   221   123    41   185    65    64    62   205   117   192   199    53  sum =  2114
   210     2   102    18    31   135    90   168   222   194   143    50   252    21    59    19  sum =  1716
   147   225    67   252   113    97   105    69   238   163   193    13   104    32   189    99  sum =  2106
    28   247   117   207    60    31    39   146    91    74    45   166    85   247   131   247  sum =  1961
    97   111    51    89   178    60   255   111   181   203   105   188   183    69   197    93  sum =  2171
   255    67   159   126   182   164     9    75   211     2   182    90   132    54    10    98  sum =  1816
   249    76   139     1     2    80   252   196    49   193   144   214   237   140   200   163  sum =  2335
   191   206    55   221   219    36   185    63    80    42   216    60    95   162    25    35  sum =  1891
    24   157   139   231   166    18   124    65     5   252   240   229    39    82   134   242  sum =  2147

onion4

   191    29    85   116   202    54   239   213    36   230   195    76    38   203   214    40  sum =  2161
   177   154   168    53   172   235   148   234   127    44   167   243    61    27   143    81  sum =  2234
    71   107   197   151   212   191   154   213    17    29   143    57   239    83    81   179  sum =  2124
   176   144   188   228   127     2    48     2   254   105   146   142   121   246   248    20  sum =  2197
   127   111   224    81   242   241    89     4    31   147    47    81   144    48   141   116  sum =  1874
    65   252    60   236   234   208   133    22    98   211    33   116   133   130   126   100  sum =  2157
    10    65   131   250    91   200   206   245   255   125    20   115   210   116   106    55  sum =  2200
   251   200   185    67    24   255    13    58   235    70   112    23   192   234    92   179  sum =  2190
    59    62   105   103    69    57   134   225    69    11    53   173    71   134    31   103  sum =  1459
   156   247   219    90   108    23    11   207   182   117    68   152    62   193   227   107  sum =  2169
    39   238   140    87    33   218    57   210   125   191   160   205   193    91   163   203  sum =  2353
   170    66    94   138   139   150   184    26   182   101   243   235   196    21    99   160  sum =  2204
   233    39     6   149   211   214   136   135   207   171    44     7   178   144   113   131  sum =  2118
     7   247   100   175   186   104    75    23   252   253   113    50    63   100    32   110  sum =  1890
    95   163   120   180   238   137   232     8   133   115    48   128     6    93   211    74  sum =  1981
    92   131   136   152   144   107   141    67   222   159    29   142   182   146    43   173  sum =  2066